162.0,4142.0,4501.0,4567.0,4837.0,1173.0,
423.0,2321.0,5568.0,400.0,4333.0,2148.0,2310.0,297.0,3301.0,3131.0,3166.0,1616.0,3470.0,
915.0,264.0,5748.0,4086.0,2787.0,1813.0,4419.0,456.0,
262.0,1596.0,1425.0,394.0,1588.0,2048.0,
5009.0,2382.0,3954.0,5597.0,1786.0,2711.0,1745.0,909.0,3510.0,5809.0,3544.0,5128.0,2541.0,275.0,1866.0,3457.0,1188.0,4797.0,5777.0,3493.0,5646.0,4908.5,4171.0,2698.0,619.0,
5286.0,259.0,6134.0,6032.0,3451.0,5654.0,1135.0,2348.0,3138.0,4589.0,3183.0,766.0,2876.0,5974.0,2122.0,2913.0,2897.0,4395.0,
1652.0,5221.0,6148.0,4581.0,4545.0,6201.0,1944.0,3111.0,1680.0,2444.0,5780.0,2972.0,164.0,2766.0,3181.0,891.0,
1631.0,4584.0,3201.0,2319.0,5381.0,3932.0,2208.0,5433.0,5090.0,1537.0,4706.0,713.0,2279.0,3313.0,2279.0,5322.0,2989.0,2056.0,
6073.0,5204.0,869.0,4780.0,1263.0,558.0,4908.0,4872.5,4837.0,2048.0,1041.0,2707.0,4357.0,3970.0,4824.0,2360.0,5213.0,2448.0,2676.0,2767.0,
3975.0,6238.0,935.0,5138.0,2005.0,1764.0,5927.0,416.0,4111.0,5755.0,3496.0,740.0,3043.0,4684.0,4643.0,3791.0,
5635.0,4868.0,1391.0,5582.0,4751.0,
3989.0,1525.0,1704.0,5263.0,47.0,4694.0,707.0,1476.0,929.0,
1616.0,3333.0,1201.0,3797.0,5880.0,2838.0,5505.0,3940.0,134.0,4282.0,3524.0,2773.0,4471.0,3928.0,6013.0,913.0,5687.0,518.0,5175.0,656.0,1715.0,4807.0,1818.0,3520.0,
1928.0,1515.0,2794.0,84.0,1671.0,4430.0,5242.0,3339.0,4431.0,882.0,3326.0,1149.0,2275.0,4444.0,4381.0,686.0,1390.0,4401.0,4698.0,
2569.0,1306.0,623.0,2090.0,3241.0,3773.0,4712.0,113.0,1743.0,2179.0,4705.0,4396.0,1055.0,935.0,
1336.0,255.0,1148.0,3710.0,4725.0,733.0,405.0,5558.0,3735.0,5526.0,3254.0,2381.0,3114.0,1510.0,5213.0,3562.0,1217.0,1572.0,2703.0,175.0,2980.0,2523.0,1899.0,
1036.0,4419.0,1377.0,4450.0,5667.0,1592.0,
5677.0,4717.0,4199.0,488.0,1127.0,2909.0,1681.0,5332.0,4361.0,1030.0,2367.0,4838.0,3251.0,2712.0,
1125.0,5866.0,1210.0,315.0,1095.0,5750.0,4818.0,
4207.0,6101.0,1185.0,2597.0,5934.0,3264.0,2532.0,4025.0,1329.0,4836.0,3506.0,4539.0,
4415.0,5682.0,5445.0,855.0,2995.0,725.0,5907.0,1253.0,6104.0,4573.0,4159.0,5259.0,3056.0,5603.0,1167.0,2462.0,5710.5,616.0,1793.0,5616.0,5754.0,5892.0,3486.0,4319.0,289.0,
3572.0,4902.0,3989.0,554.0,2922.0,3589.0,5965.5,3967.0,2979.0,1031.0,546.0,5982.0,
2367.0,1682.0,1751.0,3323.0,1565.0,3398.0,4631.0,3708.0,2000.0,5701.0,2913.0,3488.0,
3928.0,178.0,5604.0,1473.0,3729.0,4891.0,4180.0,5917.0,3904.0,1891.0,5136.0,5413.0,2694.0,5969.0,
5159.0,2017.0,5884.0,1326.0,1654.0,1975.0,
5813.0,3347.0,4383.0,4618.0,3819.0,5047.0,1961.0,1188.0,14.0,3579.0,4235.0,3898.0,3033.0,5314.0,1781.0,3825.0,5438.0,1938.0,4175.0,1911.0,187.0,548.0,
1795.0,1727.0,1506.0,1181.0,3757.0,720.0,5050.0,2266.0,4763.0,4764.0,5206.0,4982.0,2795.0,5651.0,6079.0,
867.0,1674.0,3525.0,5359.0,2240.0,266.0,
5126.0,1195.0,25.0,1502.0,5008.0,6213.0,5175.0,5474.0,1393.0,973.0,5811.0,4729.0,5998.0,3302.0,990.0,
5497.0,2925.0,3061.0,2327.0,2867.0,1805.0,3854.0,1682.0,73.0,1689.0,5048.5,4380.0,1882.0,734.0,5765.0,1442.0,832.0,4026.0,501.0,5323.0,
2323.0,130.0,2742.0,1470.0,4313.0,1527.0,2212.0,5220.0,5169.0,224.0,3922.0,6106.0,655.0,
4257.0,6019.0,430.0,5115.0,790.0,5801.0,4925.0,2721.0,4243.0,
1320.0,2284.0,4383.0,3476.0,482.0,27.0,335.0,1231.0,4394.0,650.0,6147.0,3991.0,345.0,833.0,5019.0,2118.0,278.0,3556.0,
2049.0,1091.0,3503.0,3331.0,167.0,5148.0,4969.0,301.0,2548.0,
1145.0,968.0,647.0,6019.0,2735.0,4056.0,3134.0,859.0,1211.0,1563.0,6204.0,1455.0,305.0,889.0,3215.0,4264.0,3284.0,1693.0,2059.0,5862.0,519.0,5238.0,3906.0,5061.0,2288.0,4500.0,6152.0,
2204.0,1227.0,4713.0,4276.0,5813.0,3394.0,5641.0,3808.0,3139.0,1054.0,6173.0,256.0,210.0,5239.0,2104.0,
240.0,6106.0,1342.0,780.0,5360.0,599.0,
5314.0,5363.0,1204.0,4482.0,4788.0,4005.0,4558.0,1461.0,1518.0,5292.0,5965.0,3124.5,284.0,2166.0,6133.5,5576.0,5166.0,283.0,4786.0,1675.0,1627.0,
5341.0,5364.0,4119.0,845.0,2019.0,5574.0,910.0,3659.0,4250.0,3312.0,2762.0,1970.0,1178.0,2741.0,2983.0,
2150.0,1087.0,5425.0,979.0,2161.0,3100.0,5590.0,1743.0,5328.0,2783.0,238.0,3416.0,4932.0,4447.0,2214.0,6210.0,
4967.0,1116.0,6048.0,602.0,2048.0,2009.0,5770.0,3884.5,1999.0,6092.0,4952.0,1490.0,4950.0,5701.0,5667.0,3090.0,2213.0,210.0,690.0,1137.0,5019.0,3539.0,
2149.0,401.0,3072.0,223.0,3431.0,4972.0,3818.0,2174.0,6044.0,4703.0,2045.0,2851.0,
2350.0,2341.0,2933.0,3079.0,5524.0,3095.0,1052.0,5879.0,4537.0,3779.0,3021.0,2940.0,4442.5,5945.0,2587.0,2617.0,5020.0,5201.0,
1117.0,508.0,6017.0,1510.0,2534.0,3696.0,494.0,4385.0,1729.0,4060.0,432.0,5187.0,2010.0,1004.0,4978.0,2417.0,5953.0,71.0,2277.0,526.0,61.0,
4339.0,2359.0,4635.0,504.0,3906.0,1831.0,6113.0,6022.0,5451.0,936.0,4484.0,2851.0,4825.0,1634.0,1805.0,1892.0,2721.0,
2084.0,3750.0,4571.0,3740.0,2504.0,2538.0,3600.0,2630.0,3330.0,4815.0,
3724.0,5352.0,5262.0,100.0,3313.0,4962.0,1546.0,364.0,5968.0,4817.0,4636.0,3517.0,1210.0,2636.0,2146.0,3340.0,3937.0,4251.0,3401.0,5926.0,881.0,4468.0,
5021.0,2074.0,5956.0,2033.0,735.0,4614.0,226.0,4284.0,3861.0,3438.0,1555.0,5632.0,2753.0,646.0,4602.0,489.0,1456.0,2933.0,507.0,3166.0,3484.0,933.0,
6010.0,5617.0,5545.0,687.0,5777.0,1018.0,3532.0,3485.0,2821.0,5454.0,4014.0,
5367.0,864.0,5776.0,6040.0,1436.0,1807.0,1824.0,1180.0,5590.0,1211.0,1688.0,5404.0,3538.0,5063.0,1223.0,4743.0,3328.0,3510.0,6118.0,
4366.0,2485.0,2727.0,1785.0,2675.0,3510.0,1252.0,4636.0,2293.0,165.0,5934.0,6140.0,1963.0,2835.0,1960.0,4883.0,3944.0,3005.0,4781.0,2199.0,816.0,2095.0,3123.0,5341.0,5104.0,2663.0,4839.0,5423.0,
4413.0,3704.0,4805.5,5907.0,1243.0,5774.0,60.0,3765.0,1822.0,6121.0,5739.0,5579.0,5269.0,4959.0,1084.0,5882.0,4570.0,3711.0,2054.0,2525.0,3529.0,3149.0,1713.0,
5734.0,3966.0,1161.0,4446.0,1330.0,4035.0,4903.0,
1097.0,1271.0,498.0,388.0,2830.0,5640.0,215.0,3183.0,3207.0,6101.0,70.0,3277.0,338.0,1934.0,931.0,5567.0,3840.0,2717.0,4713.0,
4110.0,1946.0,5984.0,1097.0,5503.0,1271.0,4402.0,1228.0,931.0,5399.0,174.0,712.0,3580.0,2177.0,2970.0,961.0,4531.0,1164.0,
1170.0,1277.0,6150.0,2348.0,2872.0,5744.0,3116.0,2220.0,3962.0,5165.0,3056.0,632.0,4527.0,5365.0,2062.0,1852.0,4442.0,5048.0,
2399.0,3773.0,772.0,2497.0,4222.0,5427.0,136.0,6142.0,213.0,5785.0,6149.0,2306.0,3414.0,5554.0,1321.0,2726.0,
1983.0,365.0,5938.0,891.0,5722.0,3011.0,1292.0,4178.0,1647.0,2083.0,
5204.0,4425.0,2705.0,3431.0,5891.0,5704.0,
987.0,1832.0,4917.0,1311.0,710.0,3988.0,2760.0,5991.0,1862.0,220.0,6137.0,2352.0,6195.0,4022.0,19.0,5378.0,1360.0,5750.0,4788.0,5715.0,1804.0,2119.0,
4331.0,4883.0,3289.0,647.0,5159.0,
2319.0,5731.0,4192.0,492.0,4168.0,2090.0,
5145.0,2674.0,1226.0,2456.0,3382.0,2605.0,2020.0,3783.0,2704.0,4432.0,4235.0,5924.0,4993.0,6148.0,5977.0,2138.0,5307.0,5425.0,370.0,886.0,3385.0,3402.0,5820.0,1274.0,4828.0,2321.0,1196.5,72.0,4266.0,
1537.0,6135.0,2256.0,5251.0,3982.0,3714.0,2556.0,
5461.0,4990.0,3253.0,1202.0,1308.0,5549.0,
445.0,1987.0,3306.0,2943.0,4159.0,5048.5,5938.0,1036.0,3290.0,2094.0,3423.0,4029.0,5211.0,4956.0,5564.0,
5657.0,4679.0,200.0,64.0,3965.0,3183.5,2402.0,1510.0,5882.0,
