17771,16905,13783,9373,8373,9039,7627,14172,162,13325,11903,13687,10535,13553,13917,14365,16837,NA,4142,17485,19974,6248,11302,16895,4501,4567,10725,4837,10015,9105,9840,7729,1173
15907,14811,14073,423,10868,14069,12102,19745,14728,2321,11344,14775,NA,12766,6325,5568,400,14727,NA,15049,6815,4333,10170,2148,12147,NA,2310,NA,18929,10125,14914,13245,12219,297,3301,11085,9262,12465,8060,3131,13507,NA,17907,3166,NA,15020,1616,11653,8631,18344,16977,3470,13245
17493,13929,915,264,5748,16449,17402,4086,13438,2787,16660,1813,14685,13567,16854,7240,18551,8826,4419,16663,18427,456,6388
16665,8927,12146,16117,16491,6419,6817,262,13572,7509,15770,6630,NA,13908,16565,1596,NA,18173,17381,8061,8002,1425,394,16858,9711,1588,2048
6497,5009,2382,18709,12704,3954,17745,12227,5597,1786,2711,11411,8491,8094,9341,11437,NA,1745,15288,909,10038,3510,10994,5809,3544,6976,19099,5128,2541,10436,11985,275,NA,3457,8168,1188,NA,8406,9334,NA,10651,8919,10485,5777,3493,19486,5646,NA,4171,NA,15186,14045,9719,2698,14958,NA,619,13845,6349,15596,12039,9916,9433,19058
13484,13150,11181,5286,10025,259,10431,6134,6032,7941,3451,7541,12269,16817,NA,19072,5654,18859,12189,8200,1135,7341,2348,3138,15508,12627,17171,19509,4589,16632,3183,13651,15387,12277,766,9613,6364,10653,10297,11210,2876,5974,17389,2122,8716,NA,17632,15564,11310,15303,9327,12993,9923,NA,2913,2897,18625,NA,12774,17240,13921,NA,4395,NA,14507,19155,6307,14250,19392
7936,1652,15082,9258,12779,15850,5221,14006,6148,7113,9421,NA,9143,NA,4581,4545,15046,13547,6428,6201,1944,15624,6386,3111,1680,14110,2444,13836,9012,8272,9740,5780,NA,164,11314,19485,NA,18307,8668,16972,13327,16984,19012,14571,2766,13383,19973,12329,3181,891,6864
15245,8651,18929,17658,7888,15384,1631,11900,4584,3201,2319,NA,14532,11246,5381,3932,12853,9528,2208,13497,NA,5433,17549,10353,15101,17409,5090,15660,1537,NA,18926,10227,13098,6800,11047,13873,NA,11828,16063,9690,16823,17827,14231,4706,19033,15463,10146,713,12794,2279,3313,10659,10319,14857,13941,8046,2279,15614,12978,15810,NA,7246,16966,8320,5322,8843,13020,2989,2056
9976,14882,6073,11315,5204,12381,869,9011,4780,8772,8245,NA,17484,7678,9432,1263,11605,16967,6335,NA,18311,16252,558,18261,13184,18312,NA,18479,9654,8643,8165,9060,4908,NA,4837,2048,1041,2707,12788,9925,15013,13090,4357,12051,3970,9934,9893,15562,4824,10366,2360,5213,NA,8842,2448,2676,2767,9511
8227,15779,3975,6238,9663,935,5138,18205,11682,14815,18804,6362,8370,9215,12041,9644,14160,2005,15308,16664,1764,11945,NA,11412,11904,10561,NA,8097,8192,7502,11345,7802,12943,5927,13008,NA,8109,19163,416,19766,14310,4111,14424,13044,11280,17488,16004,13002,17562,9464,9036,5755,17281,3496,17628,NA,16086,12284,740,3043,12718,4684,10950,12317,6403,4643,3791,9432,14943,15769,9096
13120,15512,12094,9854,5635,10854,18992,9569,4868,1391,5582,NA,18843,4751,6648,14120,NA,18386,NA,8901,8132,7136,19410,12998,19871,13948,18612,8393
11085,18969,6547,16257,3989,7873,9648,17873,15310,7346,19870,6617,14248,9825,1525,9267,6244,NA,11191,1704,7127,18905,11916,16750,12050,NA,10054,15706,11054,6259,10134,19771,19219,5263,17919,NA,15942,47,4694,6535,18029,19495,6928,17022,NA,15954,707,19977,12823,1476,18320,NA,10276,17258,16794,9214,10352,929
13956,1616,3333,12323,8248,1201,3797,15712,5880,10737,2838,5505,17436,15047,3940,12839,7565,16462,134,11291,8157,4282,14266,3524,2773,9092,4471,17044,10765,19081,10676,19854,9483,3928,11247,NA,7397,12840,6013,14308,6514,913,6894,17222,5687,17040,518,9510,11232,9475,15521,8295,5175,19259,11628,656,1715,19121,7236,NA,13299,8987,4807,13363,12814,1818,3520,13072,16299,18668
15598,1928,17458,10908,15642,10145,17694,16991,17861,14724,6494,1515,19739,10554,12203,17062,2794,84,1671,NA,16891,NA,9261,NA,4430,7145,NA,3339,11202,9188,6418,13019,4431,11318,882,14540,3326,1149,2275,13068,4444,6853,4381,15233,19187,686,12904,8702,NA,17114,NA,1390,7278,11353,13488,10305,9098,19264,11349,10864,NA,17002,4401,8308,10579,13815,14186,4698,6629,10293,14110,9920,7274,19228
12208,2569,1306,7760,13464,7710,6505,623,7963,10305,8751,17363,7962,2090,18123,14918,NA,8631,NA,13464,13574,NA,14782,NA,9272,3241,10220,15374,3773,19470,NA,17619,9338,4712,6686,17634,8740,11596,11011,18029,11942,113,1743,2179,4705,16941,19877,15094,17431,NA,19783,4396,19671,15420,19008,1055,935,17210,12539,16594
14926,8400,19966,19900,9913,6830,15098,17153,1336,18867,255,1148,16985,9571,15949,NA,16634,15781,13287,3710,9428,18876,16804,7184,4725,733,19449,9769,NA,6376,405,5558,3735,5526,15396,NA,10479,19917,19873,3254,2381,11940,3114,14239,12814,7094,7470,9526,15085,1510,14178,7697,10244,13091,17643,5213,15733,10203,13059,3562,13015,1217,1572,NA,16748,8608,17770,6857,2703,16858,175,14851,14725,2980,2523,1899,7091,17208
16944,17105,8675,6319,11000,9469,1036,17596,7235,12729,12066,14592,13379,19765,14368,17276,19824,11646,4419,7811,9735,11482,NA,1377,12322,4450,7124,18762,5667,NA,17322,9708,NA,17257,10534,13237,1592,19562
13095,19761,5677,4717,18477,4199,8429,10068,7864,488,18516,1127,18616,2909,19010,19915,16557,13179,10256,11649,1681,11150,16799,NA,13369,5332,4361,7153,19785,1030,11873,10229,13407,6409,2367,17939,4838,NA,9073,8616,7615,3251,13393,14807,14258,2712
12747,1125,13857,8479,8093,5866,6577,11706,1210,315,1095,NA,12796,8943,19173,16453,5750,11952,17163,14851,8028,4818,19771,13760
4207,6392,18985,16467,19921,6101,14320,16335,16999,18486,18931,1185,17353,2597,16868,17748,19194,8604,NA,3264,NA,18590,NA,7322,13892,2532,14471,NA,15012,16855,13339,NA,14247,4025,13923,9640,1329,19787,4836,3506,4539,17526
15590,7377,18671,7724,6315,15658,4415,13261,17240,17388,5682,11475,5445,16341,17564,855,2995,725,15803,NA,5907,1253,19770,18113,19919,10563,8044,14382,6104,13063,6800,4573,10537,4159,6660,5259,3056,5603,NA,15995,1167,12712,NA,2462,14139,6951,6894,7341,10805,NA,616,17729,10020,17063,15753,13202,13577,1793,12476,5616,NA,5892,3486,4319,289,12544,10464,11893
3572,4902,3989,554,10126,17912,13780,17209,14912,12798,19152,2922,3589,7964,NA,3967,6888,18258,2979,13677,1031,546,5982
2367,17539,1682,8456,7162,13004,18224,9654,14362,7294,18553,6928,13386,18820,1751,3323,1565,17526,9111,NA,17119,18658,19706,3398,4631,7300,NA,11338,3708,2000,12330,5701,2913,11251,NA,16056,10986,7383,18716,9450,3488,6904
3928,178,16858,10418,5604,1473,15589,18541,7576,13378,8661,3729,15267,15265,16241,4891,10755,NA,9821,14698,17098,13925,NA,18014,4180,8528,13314,13763,7036,5917,NA,1891,13621,5136,13506,11966,5413,13749,NA,2694,7584,NA,14111,8914,14076,6630,14195,6639,5969,15647
16391,7464,18807,14327,5159,2017,5884,19664,13570,15739,13189,8501,1326,9242,8565,16634,10763,19128,1654,16181,14960,12312,1975,17305
16248,8565,10160,5813,3347,6407,15848,13055,9784,14480,4383,19048,NA,19749,13254,NA,4618,3819,19727,5047,8813,7949,13705,NA,17186,1961,15420,1188,17705,14,10372,NA,3579,12339,6529,12118,8238,13385,12292,16736,4235,8617,9424,19522,3898,14914,11478,7808,3033,15313,11274,5314,NA,14837,1781,NA,16419,17307,17337,11321,19050,16951,17093,10707,3825,15152,6844,5438,1938,4175,10579,1911,13606,187,548
14905,14630,6486,17259,1795,7646,1727,18831,1506,14784,8085,14770,1181,3757,6381,19853,12637,7048,NA,12953,NA,10794,720,5050,17297,9052,2266,4763,4764,10816,9959,5206,4982,2795,5651,12907,17104,14780,18559,6380,6079,11520,8207,8536
7707,14204,18752,14622,11916,867,1674,17119,11087,16869,12707,NA,11746,7961,NA,14040,19730,19493,14674,15618,11311,6694,8136,10793,13135,13053,12610,8808,19686,NA,18848,10430,16829,3525,5359,2240,14097,17245,16706,11094,10036,16452,18789,18027,266,19041,17567,14748,8784
5126,13310,11174,7922,1195,11003,25,1502,10551,15113,18189,5008,14944,11643,15931,17357,14072,11383,16477,6213,14932,6997,NA,12219,5175,8870,19696,NA,14217,NA,9235,19685,13793,15709,14657,19249,11813,14565,15366,15982,9521,5474,1393,NA,19386,19250,7957,14385,NA,973,15866,13707,11647,10536,8552,10140,5811,14939,14217,12014,NA,14396,16514,4729,15294,15430,5998,NA,9898,15143,NA,18971,3302,17567,10331,6299,990,8843
10220,15944,8245,5497,2925,13970,12464,15545,7446,3061,2327,9455,NA,9239,18695,19581,2867,7984,17144,NA,1805,13048,NA,6936,6244,9624,3854,1682,12576,73,18231,19409,1689,NA,8408,4380,13037,1882,734,14781,9398,NA,7325,18000,12229,8856,10088,NA,1442,13960,6375,832,4026,12305,15365,NA,10888,13717,9887,19701,501,14231,15930,5323,8702
17847,2323,17593,10022,16153,11431,19903,130,2742,1470,9643,4313,NA,13268,14572,12305,1527,11997,12101,2212,NA,13453,5220,18599,5169,9989,12380,224,9590,13815,NA,13823,3922,11271,18753,9470,6106,16245,655,19885
14131,4257,6019,11301,11851,430,6575,14002,5115,790,10086,7741,13457,5801,11467,9472,18008,NA,15173,4925,18747,15445,2721,15556,9713,10648,4243,13533
16509,10645,1320,2284,4383,13677,18605,3476,19588,17477,11775,482,14265,9335,18822,27,13143,14017,18517,NA,335,18637,13694,1231,13489,12260,4394,650,8814,18665,6147,8218,3991,345,14540,NA,14829,NA,833,17486,6713,7355,5019,9966,12277,13220,2118,10619,19466,19128,18797,17166,19586,NA,10378,9402,14949,278,8776,19557,17855,3556
12458,2049,1091,13286,3503,8107,3331,167,9766,17163,16380,7119,12946,8512,15499,NA,15742,15134,5148,4969,6909,301,14878,17796,2548,17821,16582,16134,14237,12062,10680,7513,18920,8342,10168
14021,1145,9468,968,19795,10306,19895,12290,11871,7778,13021,19060,647,15093,6520,6019,19180,10014,19713,2735,12827,18179,12488,4056,10511,3134,13077,17251,16146,14199,7660,859,NA,1563,8275,16250,8269,13398,NA,6204,1455,305,889,8126,9279,3215,18207,4264,7928,3284,1693,18457,2059,6275,10087,5862,519,5238,18675,3906,16803,5061,2288,4500,13134,6152
17821,15493,16612,2204,13063,1227,19973,17698,4713,13853,14664,10686,15375,10740,NA,4276,7727,8232,NA,3394,5641,12332,3808,3139,1054,14256,6173,256,210,18123,5239,16434,19538,17040,9761,9969,13410,6676,2104,16315
14492,7894,240,6106,9892,6828,9554,1342,17650,780,12533,16029,10678,19509,5360,8321,9599,11496,599,17287
9649,11309,11783,18984,5314,5363,1204,4482,4788,4005,13333,14536,4558,1461,16846,8972,8815,1518,5292,5965,NA,284,6644,8258,11634,NA,11486,6509,2166,6691,NA,5576,14975,14106,11723,7292,18107,9088,8267,12472,8595,9036,8786,5166,16272,NA,9608,15837,NA,15010,19771,16511,283,4786,17087,13406,7400,16112,16906,6583,1675,1627
18845,8007,5341,17512,15076,19148,18705,18996,19316,8498,5364,4119,845,7091,2019,15269,14422,10551,19858,10296,9095,5574,15218,6453,14516,9964,12562,NA,11813,910,12699,11848,16465,3659,4250,19123,3312,19158,18196,12573,10573,18146,19380,7853,10756,14716,16500,2762,NA,1178,2741,15712,10369,NA,10679,2983,18230,13068,11815,15771
10701,10952,12086,2150,18197,1087,5425,15246,12638,11248,14926,979,2161,3100,15842,14296,5590,1743,5328,NA,238,3416,10335,8210,4932,7372,4447,11962,2214,15297,6210,6257,13074,7328
11988,4967,14877,7266,17379,1116,19167,6048,14029,15455,602,8868,12206,2048,8587,12919,6335,2009,5770,NA,1999,6092,6512,NA,17660,15252,7963,4952,18778,1490,4950,11049,NA,18178,12006,8835,18708,16182,5701,8244,NA,3090,15260,17002,2213,16313,12089,210,690,1137,5019,14484,3539,11996,18970
13597,9996,2149,8692,401,17335,6558,18373,11132,3072,6609,15706,10148,223,16263,3431,NA,6513,3818,2174,15396,6044,11581,6330,4703,2045,2851,11486,8736
18950,2350,6784,2341,8346,14053,8736,2933,19117,6581,10933,10297,3079,9661,7510,5524,12872,3095,NA,12920,10995,1052,11471,5879,16889,4537,NA,3021,16910,11142,12575,NA,9442,19476,2940,NA,5945,2587,8523,NA,13838,2617,15675,11237,11310,10805,16700,NA,17659,9606,14291,18762,NA,5020,7805,17258,5201,9577,19497,11396,13363
1117,508,19872,7353,18611,6017,1510,12742,8091,13914,15695,2534,15109,14886,12695,6880,19409,19915,8899,14305,3696,494,4385,15171,1729,13547,4060,9202,432,5187,18456,17086,15253,15066,2010,1004,18160,4978,2417,NA,9489,7655,11809,NA,12225,10478,17345,15778,17947,7720,11631,7564,9889,71,14622,13482,NA,13536,NA,12293,18431,2277,526,15808,9808,61
14111,10800,6586,8868,17271,16451,16277,4339,9659,2359,16839,11006,4635,16045,504,18317,3906,19959,NA,8959,1831,6113,6022,8330,11025,17198,14252,9553,NA,16478,14249,NA,5451,936,4484,12166,9332,2851,7108,13794,7429,9843,13649,4825,1634,1805,8164,1892,2721,18649
13057,14489,2084,18272,18428,15588,10899,9897,13228,3750,16982,NA,4571,3740,18271,NA,9851,2504,15608,2538,8045,3600,17523,12944,2630,9406,3330,17383,12556,16886,8134,12511,16733,19855,4815
3724,19417,13685,5352,5262,14778,100,6521,19082,12781,10070,3313,10122,4962,9328,19454,17427,1546,13941,364,5968,4817,8406,NA,14568,14404,4636,3517,13580,11884,17899,16469,1210,18249,6708,11390,2636,10062,2146,11162,3340,6914,15370,3937,4251,3401,13202,14745,NA,18710,NA,18041,14268,6897,7336,5926,881,19562,15694,15618,12610,14513,10183,18230,4468
5021,7058,9826,12894,14113,14794,11760,2074,8791,5956,10323,9724,10845,NA,6633,2033,14891,15131,11505,9420,17275,7458,9920,735,10833,4614,19989,226,4284,NA,3438,1555,10394,15413,7479,5632,2753,646,4602,489,8780,1456,2933,17709,10152,11289,6791,507,9772,NA,17829,13344,3166,11928,NA,11023,NA,16052,13687,NA,17154,10647,15802,10864,3484,16847,7774,8105,933,19594,9173,11611,16552
12840,6010,14847,5617,5545,15693,15746,687,7308,17956,9546,7882,8814,11705,17261,18173,7611,5777,18651,11988,16061,11199,6807,9054,10523,9962,8401,15549,9538,1018,15298,NA,15285,13098,NA,17010,3532,3485,2821,13888,5454,17623,14259,11472,19978,4014
5367,864,5776,15442,12309,16145,10550,7854,6040,12463,7594,16452,19434,13382,1436,1807,15443,11595,1824,1180,17424,5590,11144,19394,1211,16540,1688,19216,NA,10084,11672,5404,11633,19234,3538,NA,12989,19104,5063,1223,15651,13515,17002,4743,3328,3510,16787,11532,NA,7689,15956,6406,8738,6118,17147
10786,4366,16910,19997,2485,2727,9553,1785,17423,15550,13520,NA,2675,3510,1252,16751,8602,4636,15682,2293,14599,16157,165,5934,16829,12088,14831,16464,6140,15940,1963,2835,19676,16780,1960,6957,4883,NA,3005,14545,4781,2199,16264,16911,NA,17153,19969,19349,18988,16476,816,19036,10477,2095,7188,11984,17045,NA,18814,3123,7749,NA,5341,5104,19088,2663,7550,8499,NA,13856,NA,9340,15112,8908,10633,4839,19708,5423,18526
7448,14751,6426,12936,8901,9488,4413,9863,12056,15504,16025,NA,3704,NA,5907,9109,1243,15528,15065,10574,5774,NA,17754,8740,10742,NA,18107,19377,15708,NA,9205,60,15069,16813,3765,10468,6512,7261,18624,1822,8734,10246,6121,5739,12923,8069,13699,NA,5579,NA,4959,1084,5882,12582,4570,19294,6298,17338,10668,18649,3711,18184,18277,16693,7878,2054,16876,18446,2525,17899,9634,14174,3529,3149,1713,13482
19947,5734,12557,3966,14694,8486,8678,6954,14369,1161,4446,16796,9679,8779,9367,15041,13718,16234,1330,11150,4035,6803,4903
15147,1097,1271,498,13093,14746,388,19119,2830,17860,10752,7462,11212,11985,9773,NA,12234,10795,5640,11000,215,3183,3207,6904,14769,8725,6101,19194,70,19784,7671,3277,338,17735,10955,7098,1934,18242,13001,16444,931,10835,5567,13864,11289,NA,3840,2717,12924,14801,9499,6308,12667,4713
17622,8017,12053,6625,9394,13712,4110,6406,8855,1946,5984,10889,13889,1097,8510,19365,NA,5503,11308,10058,16287,1271,4402,11705,9369,15801,1228,17345,931,9637,NA,8226,15344,5399,174,19393,12531,13558,6464,16091,14795,NA,712,18397,10950,16869,3580,2177,2970,12685,9211,8402,961,15725,16012,4531,13328,18677,13886,8908,1164
1170,1277,11286,12214,12059,9936,13406,19329,6150,2348,2872,7960,19066,5744,8628,14803,7624,3116,2220,3962,11788,15509,5165,3056,6493,632,13450,17645,NA,9841,18747,NA,15038,10555,8142,4527,5365,19873,19368,17918,9542,15340,15462,15886,2062,16562,NA,1852,8658,15567,NA,10046,NA,13294,7926,NA,8898,11023,4442,16871,5048,10219,14822,16605
8994,12999,14015,2399,3773,9208,17897,15339,17477,14804,18434,6600,772,NA,4222,14962,5427,136,6142,213,15924,5785,9708,17989,16275,6149,NA,7919,2306,3414,5554,15412,18311,10256,7076,NA,8759,11295,1321,2726,19484
7036,1983,16454,6572,14975,19820,17583,365,5938,15647,10601,11004,9508,11814,NA,891,11409,7784,5722,18399,NA,3011,10482,14178,1292,19944,4178,1647,2083,18163
11978,14143,18522,16348,13659,10738,15467,14033,10844,7956,11726,5204,4425,13569,12479,15656,2705,11629,3431,16205,12411,18536,5891,12259,15856,13547,18614,13050,14817,5704
15548,987,8315,18005,1832,14626,4917,18232,18965,17956,1311,18685,17480,8751,NA,17136,16962,13268,NA,15813,7529,710,19736,NA,18107,6906,8349,17186,3988,12370,NA,2760,11820,8796,8902,18080,5991,16882,16884,NA,1862,15261,220,15886,6137,17873,19311,9820,8512,9192,16165,13580,15445,NA,9527,2352,6195,4022,16507,9200,8003,NA,12381,19,5378,1360,5750,4788,11296,5715,9232,12606,1804,7119,2119,8555,15873
4331,4883,10623,19110,10076,8333,17162,12529,7460,6602,13341,7719,3289,15792,6394,647,5159,19555,16087,14107,6984,15813
9783,14694,2319,7133,5731,4192,12022,7191,492,4168,9996,19852,7066,13316,15348,9619,13920,2090,18882,16105,7151,19769,19620,15736,19004,17207,8695
5145,2674,17005,9517,12734,15330,14881,1226,2456,3382,2605,9009,17756,2020,14959,3783,18844,2704,11178,4432,10447,4235,5924,4993,NA,7303,5977,8577,2138,10574,9509,6964,12709,15987,NA,9442,5307,9727,6459,14411,5425,6882,7888,13371,370,11957,11135,886,19910,11350,16621,18834,3385,7038,7518,13881,14897,3402,7996,5820,1274,18081,13760,16507,8863,NA,7148,4828,2321,NA,72,15142,4266,17355,6932
12056,19259,11654,8352,1537,12600,9362,8763,6135,12725,2256,18847,5251,NA,11297,8283,10180,15506,18024,NA,3982,14788,16498,13335,16532,9305,8007,3714,15404,11147,2556,18477,NA,19554,13546,14028,7507,10804,11027,18200,15789,6405,17601,17292
12354,8090,5461,4990,13745,14687,3253,12346,16620,1202,11531,1308,19920,17545,9772,15583,17039,14285,16782,6769,5549
445,17790,12128,1987,7551,3306,6960,11216,2943,9227,12676,4159,NA,5938,12848,9535,9604,10696,17102,10033,1036,9275,7871,19197,7742,12286,16954,16481,12421,15563,13379,17095,7708,3290,8047,2094,16215,18112,3423,19721,16729,12060,4029,5211,14633,10085,4956,12216,10019,5564,6715,6605,13066,11202,10420,6598,11278,6601,11044,18061,12662,10508
5657,15771,8997,17581,16591,4679,8838,200,64,6498,6717,9588,NA,3965,NA,2402,13661,17083,NA,19900,11502,11083,NA,14017,7452,18595,NA,1510,NA,17019,13856,12267,13030,5882
