73338810.53846154
221700575.63636363
42458588.047619045
-295961937.61538464
201620869.37931034
252480048.78125
270366488.7246377
-127627985.05
-91944081.71428572
-287409402.2264151
8709415.137254901
-23471058.389830507
-198140893.6451613
-46251459.69565217
-104666078.88235295
-36741249.56097561
321280465.7972973
-84162798.73333333
-443934041.9111111
-116079122.0
28667548.789473683
-76036968.61904761
-206012607.69230768
402077908.84375
-170185555.05882353
-143510905.8181818
-357281754.76811594
-249473914.2580645
-45267927.23728813
-278966591.64179105
-189390435.31428573
-125318866.1509434
121156048.0625
72907470.48
36890354.5
132492412.10909091
-61686767.56666667
-84157069.36
45470238.85185185
12275850.90625
-99609833.8478261
-10229385.217391305
-120481870.0
131412728.04918033
-5446167.169491526
286246014.4230769
336058163.8076923
-130479258.16129032
157627142.0
-145953092.5822785
-931841.3965517242
-49371101.43037975
-201290118.46153846
128410182.66071428
-181589962.58333334
110642421.50704226
-261703293.25
31490584.431034483
108317125.76271187
-207742303.77419356
225609658.63414633
-313674347.28571427
-157077327.7631579
222127600.2419355
85864676.44680852
-4028191.7441860465
88584869.5909091
-163561775.59375
-233472540.25
-110865157.88
-111404028.42307693
109517849.14285715
153558702.28301886
69700236.04347827
321267506.7941176
186179818.50746268
-23563879.962962963
